loss: 0.6780387759208679
auc: 0.5702603101730347
f1: 0.44359045156599103
accuracy: 0.589591683670571
