loss: 0.6440417051315308
auc: 0.7263699889183044
f1: 0.6216106896840842
accuracy: 0.7301587301587301
