loss: 0.5838120579719543
auc: 0.7286724209785461
f1: 0.6171512274529249
accuracy: 0.7307692307692308
