loss: 0.5788140535354614
auc: 0.7374363422393799
f1: 0.6247756728490673
accuracy: 0.7365079365079366
