loss: 0.5820820927619934
auc: 0.8209043622016907
f1: 0.7022823569075858
accuracy: 0.7925828664799253
