loss: 0.5658628582954407
auc: 0.8317105770111084
f1: 0.7467430317615773
accuracy: 0.8253312629399586
