loss: 0.646934974193573
auc: 0.7233092546463012
f1: 0.6222284353986263
accuracy: 0.7320512820512821
