loss: 0.6905499219894409
auc: 0.5408149003982544
f1: 0.37148343626976277
accuracy: 0.5325103606714917
