loss: 0.6758100986480713
auc: 0.5481772124767303
f1: 0.5032953240455
accuracy: 0.6013563895529239
