loss: 0.6977016806602478
auc: 0.5076136708259582
f1: 0.4035179021440699
accuracy: 0.525544112633815
